 Sr   20  38  88   0   0   9  13   1
   1  -1   5   0.00
   2  -1   5   0.00
   2   1   5   0.00
   2  -2   5   0.00
   3  -1   5   0.00
   3   1   5   0.00 
   3  -2   5   0.00
   3   2   5   0.00
   3  -3   5   0.00
   4  -1   5   0.00
   4   1   5   0.00 
   4  -2   5   0.00
   5  -1   5  -0.20
   5   1   5  -0.20 
   5  -2   5  -0.20
   4   2   5  -0.10
   4  -3   5  -0.10
   6  -1   5  -0.10
   6   1   5  -0.10
   6  -2   5  -0.10
   1.5
   0.0005  0.03  500
   1
   0.0000    4.8665    2.3
   0.0
  
